[sdr]
gain=22.9
tuneragc=1
rtlagc=1
modes=1
modeac=0
list=4
samplerate=2000000
[form]
left=4850
top=541
height=500
[scope]
left=3845
top=367
height=1143
width=1144
range=300
homelat=45.16
homelong=-75.53
ringlat=45.16
ringlong=-75.53
txt=1
apt=0
vor=0
ndb=0
out=1
brange=0
grid=0
[form2]
left=3850
top=372
[plugin]
filename=
c=1
[udp]
ip=192.168.1.255
port=31012
out=0
[home]
north=45.2751666666667
east=-75.8833333333333
snorth=N45 16.51
seast=W75 53.00
use=1
[id]
id=
[tables]
table1=A440998
table2=B888997
table3=C359186
table4=D614148
[sql]
basestation_dir=C:\source\gitinternal\EMB_DUMP1090_Parser\rtlsdr_Jetvision\
[options]
variation=0
cbnopos=0
cb1auto=0
cb1avr=0
cb1ascii=0
cb1run=0
cb1min=0
cb1exit=0
cb130003=1
cb1mlat=0
cb1nohttp=0
cb1noupdate=0
cb1log=0
cbmousewheel=0
cbfecenabled=0
[sisex]
left=100
top=100
contrast=4
threshold=12
contrastz=4
thresholdz=12
lastdir=C:\Users\Brad\Downloads\rtl1090Install\
ytspan=8
